0.260723
0.0192086
0.709185
0.948597
0.62683
0.912417
0.446608
0.593138
0.110775
0.830965
0.82561
0.128875
0.368198
0.569549
0.791784
0.881614
0.378683
0.741418
0.377561
0.101541
0.515243
0.752661
0.579681
0.303209
0.700842
0.0379704
0.156347
0.701394
0.0395704
0.843959
0.146279
0.300293
0.863168
0.855464
0.24889
0.489998
0.767881
0.695498
0.0831359
0.878656
0.526464
0.908746
0.00753116
0.894661
0.478295
0.799315
0.776275
0.856978
0.540733
0.153836
0.958519
0.055976
0.906497
0.538199
0.359185
0.607339
0.57617
0.515532
0.308733
0.61574
0.359492
0.455012
0.916033
0.22266
0.310476
0.164924
0.712657
0.0783576
0.860422
0.795793
0.957014
0.386886
0.704539
0.964545
0.281547
0.182834
0.76386
0.0578216
0.0398121
0.304593
0.211658
0.998331
0.360569
0.118154
0.53653
0.719754
0.725493
0.1127
0.235286
0.034226
0.72844
0.594778
0.489238
0.644473
0.817437
0.799714
0.809397
0.530095
0.878071
0.669819
0.325888
0.835085
0.056705
0.0304273
0.79963
0.338252
0.213262
0.56349
0.396073
0.253074
0.868083
0.607731
0.251405
0.228651
0.725885
0.787935
0.948405
0.451378
0.900635
0.183691
0.485604
0.629075
0.778468
0.974842
0.273549
0.595906
0.774556
0.0829459
0.126
0.652628
0.752765
0.451888
0.487713
0.80947
0.482315
0.287343
0.147722
0.695577
0.850834
0.543796
0.948651
0.718917
0.151527
0.200056
0.947568
0.877412
0.987991
0.895973
0.32879
0.888626
0.0796638
0.814395
0.517701
0.858132
0.789237
0.79125
0.454038
0.563793
0.874196
0.580038
0.216421
0.626961
0.0319265
0.704134
0.436431
0.514242
0.991477
0.584153
0.209819
0.842311
0.127949
0.15847
0.561227
0.279476
0.358526
0.508795
0.156888
0.346517
0.404768
0.485678
0.235143
0.484432
0.300073
0.752844
0.342564
0.0893099
0.544094
0.796602
0.653103
0.418289
0.37664
0.869524
0.0452503
0.408567
0.573657
0.481682
0.922809
0.565134
0.0658349
0.132628
0.407445
0.193784
0.291098
0.968673
0.47326
0.649624
0.477468
0.630147
0.996141
0.882236
0.115825
0.231284
0.366668
0.415898
0.984129
0.709232
0.505208
0.528222
0.505835
0.158311
0.946512
0.882475
0.0278349
0.991762
0.291042
0.601492
0.473444
0.213851
0.166627
0.539279
0.346479
0.574072
0.733062
0.637578
0.542744
0.206322
0.287202
0.0202121
0.836469
0.283343
0.902448
0.952295
0.514628
0.269116
0.368193
0.498756
0.978349
0.873401
0.0269789
0.484183
0.0317127
0.973491
0.366658
0.0595477
0.965253
0.657701
0.66104
0.438697
0.871552
0.827667
0.977975
0.218031
0.401738
0.711038
0.855608
0.944483
0.91736
0.14281
0.964695
0.753829
0.426154
0.867143
0.706124
0.940781
0.136259
0.0743166
0.439538
0.114608
0.947718
0.466517
0.598791
0.979431
0.440008
0.96545
0.0389784
0.405261
0.62315
0.700018
0.843957
0.494702
0.527685
0.821932
0.712733
0.929423
0.53297
0.568341
0.873906
0.45033
0.711152
0.8386
0.204158
0.137305
0.705743
0.910282
0.0780868
0.842003
0.984599
0.517625
0.956611
0.932317
0.984142
0.555402
0.911747
0.424149
0.520852
0.950726
0.82941
0.144002
0.650744
0.673367
0.638704
0.178429
0.495299
0.351437
0.107852
0.0282694
0.919778
0.981758
0.478599
0.63093
0.820358
0.682758
0.768235
0.526102
0.59304
0.846322
0.368104
0.577638
0.363947
0.324715
0.509955
0.348088
0.880116
0.421702
0.772237
0.400968
0.372428
0.601647
0.54497
0.0231721
0.275014
0.183674
0.201601
0.770314
0.535111
0.309453
0.798583
0.454889
0.291211
0.277182
0.0858186
0.111569
0.95994
0.854054
0.637671
0.552979
0.700375
0.00577503
0.130617
0.0643221
0.33049
0.640572
0.41241
0.210606
0.0622743
0.184648
0.611574
0.434702
0.786295
0.156544
0.457874
0.0613094
0.340218
0.659476
0.831623
0.875328
0.968929
0.630206
0.330217
0.26014
0.907388
0.416036
0.371709
0.867328
0.270089
0.00938028
0.420307
0.970465
0.0151553
0.550925
0.0347869
0.345645
0.191497
0.447197
0.556251
0.253771
0.631845
0.167825
0.688474
0.41814
0.324368
0.146348
0.479449
0.664586
0.805824
0.311072
0.539914
0.774753
0.941279
0.870131
0.0348925
0.848667
0.286167
0.406602
0.715995
0.556256
0.415982
0.136303
0.526721
0.431137
0.687228
0.561508
0.776782
0.878725
0.00870493
0.333033
0.132496
0.64055
0.500858
0.82097
0.0586897
0.825226
0.967318
0.538139
0.489812
0.773142
0.849211
0.029726
0.547894
0.79049
0.899857
0.582787
0.639157
0.186024
0.989389
0.355153
0.74228
0.405371
0.491455
0.269001
0.836508
0.178683
0.830508
0.61329
0.0574078
0.839213
0.946324
0.189904
0.479763
0.447181
0.0108736
0.538453
0.272408
0.978191
0.0765918
0.76222
0.751333
0.925803
0.791946
0.299227
0.716293
0.691803
0.882014
0.355451
0.877826
0.871402
0.710603
0.620106
0.276773
0.202059
0.889107
0.113281
0.380742
0.719615
0.726572
0.43815
0.558829
0.672895
0.628054
0.038592
0.120077
0.638927
0.577045
0.392484
0.617119
0.653637
0.154704
0.368452
0.57944
0.946649
0.667679
0.295733
0.638452
0.549693
0.651184
0.516278
0.421095
0.361787
0.136385
0.697868
0.563846
0.0254915
0.811149
0.944588
0.745107
0.537721
0.382738
0.303936
0.210616
0.0107916
0.342528
0.330693
0.649719
0.919573
0.723177
0.266837
0.573209
0.877881
0.635289
0.152649
0.82453
0.302968
0.448383
0.462982
0.852661
0.0995669
0.979261
0.273756
0.461354
0.115645
0.971624
0.0252005
0.141137
0.782773
0.969789
0.886244
0.320494
0.352527
0.190179
0.53111
0.363318
0.532707
0.861803
0.0130372
0.45228
0.58498
0.279875
0.0254894
0.462861
0.915164
0.178139
0.287391
0.218132
0.626522
0.750373
0.0707922
0.726089
0.729634
0.344548
0.187443
0.845279
0.316171
0.212643
0.986416
0.0989441
0.182432
0.87266
0.419438
0.534959
0.0628394
0.950548
0.898277
0.595547
0.81235
0.911314
0.0478266
0.39733
0.191189
0.073316
0.86019
0.106353
0.251455
0.147581
0.324484
0.877976
0.897955
0.395277
0.604065
0.627589
0.739824
0.791508
0.472868
0.0559955
0.00415113
0.459284
0.15494
0.186583
0.331944
0.574377
0.721542
0.394783
0.524925
0.619819
0.99033
0.337275
0.531134
0.0381565
0.734605
0.722323
0.111472
0.594795
0.828675
0.362927
0.742377
0.15316
0.240904
0.640332
0.548436
0.844969
0.26792
0.28826
0.636476
0.740788
0.344256
0.640628
0.200072
0.499195
0.827211
0.532016
0.0735729
0.548753
0.926799
0.598498
0.168572
0.917129
0.935773
0.699706
0.955286
0.670378
0.422028
0.0667581
0.265173
0.250703
0.429685
0.00755036
0.403863
0.670589
0.647882
0.952299
0.515558
0.915802
0.240559
0.152034
0.65659
0.584815
0.792662
0.856662
0.0840105
0.619872
0.388678
0.157583
0.168625
0.315477
0.756081
0.337197
0.232606
0.691854
0.0369031
0.187892
0.362232
0.458931
0.25465
0.627406
0.709635
0.684335
0.634956
0.113498
0.354924
0.282838
0.0657967
0.870482
0.19864
0.306356
0.0225157
0.85523
0.891171
0.815177
0.711892
0.975182
0.43505
0.10057
0.132765
0.603675
0.416047
0.888846
0.940872
0.648653
0.580701
0.977775
0.836544
0.942933
0.436707
0.0911941
0.570339
0.146342
0.775529
0.205295
0.259839
0.130453
0.488133
0.325636
0.000934774
0.686773
0.631992
0.0234505
0.542003
0.523163
0.838628
0.253895
0.498345
0.273678
0.354465
0.63111
0.877352
0.770511
0.519956
0.818225
0.419164
0.100656
0.796
0.255708
0.0435894
0.232707
0.346903
0.613928
0.379049
0.122432
0.819223
0.638888
0.252885
0.307356
0.964524
0.25382
0.994129
0.596516
0.27727
0.536132
0.119679
0.115898
0.790027
0.618023
0.389575
0.144491
0.249133
0.266928
0.915002
0.769089
0.0851528
0.334166
0.869745
0.881153
0.589875
0.913335
0.11386
0.936778
0.527263
0.492909
0.0592093
0.346486
0.131797
0.312094
0.653842
0.0963204
0.565914
0.647971
0.692836
0.843184
0.184103
0.812515
0.959082
0.974129
0.430538
0.348657
0.11862
0.679671
0.615585
0.0336227
0.448759
0.700738
0.367789
0.318505
0.581891
0.957664
0.231839
0.695751
0.894442
0.759102
0.18866
0.953651
0.105588
0.320457
0.265745
0.75943
0.416777
0.831659
0.4074
0.109613
0.674843
0.591503
0.922128
0.633925
0.565632
0.352666
0.982582
0.684252
0.0323369
0.598167
0.717875
0.481096
0.298905
0.0856641
0.799601
0.880797
0.0433283
0.0314403
0.576548
0.93777
0.790542
0.765208
0.891421
0.89613
0.085665
0.157166
0.655559
0.502442
0.988825
0.0629597
0.612056
0.663668
0.654462
0.534184
0.297593
0.220094
0.88685
0.280175
0.904347
0.919187
0.878343
0.622221
0.400283
0.177248
0.707886
0.199884
0.0580447
0.751214
0.231324
0.634593
0.688984
0.0218666
0.399801
0.580405
0.917997
0.485466
0.737571
0.573556
0.987908
0.726397
0.636516
0.599964
0.390065
0.290978
0.134147
0.687658
0.511073
0.0209971
0.967833
0.415419
0.940184
0.846176
0.0376406
0.340467
0.0234239
0.745526
0.540351
0.0814686
0.49674
0.771675
0.716061
0.185724
0.793542
0.115862
0.766129
0.711538
0.601328
0.5037
0.285094
0.589236
0.230097
0.92161
0.1892
0.620161
0.212588
0.323347
0.307819
0.723661
0.344344
0.275653
0.13908
0.284528
0.121829
0.17672
0.624995
0.145252
0.922246
0.165346
0.226721
0.418986
0.937021
0.942782
0.60471
0.730563
0.0586446
0.370839
0.442101
0.659973
0.874539
0.727195
0.249209
0.104636
0.648805
0.438409
0.724797
0.861393
0.761756
0.0326167
0.585054
0.106101
0.308269
0.724133
0.390629
0.430098
0.900854
0.0156238
0.57535
0.8231
0.18097
0.802071
0.242086
0.117991
0.744854
0.846797
0.848553
0.803498
0.217636
0.290654
0.463471
0.0921748
0.0178495
0.71268
0.196811
0.666655
0.151089
0.921608
0.528048
0.912846
0.954225
0.113102
0.0189463
0.262494
0.837235
0.409575
0.692592
0.738089
0.425199
0.267942
0.561189
0.606168
0.0700135
0.803275
0.724159
0.814867
0.650072
0.572712
0.618365
0.867707
0.863367
0.0818365
0.959882
0.881216
0.794517
0.156693
0.547871
0.945606
0.0783007
0.0759188
0.858451
0.0325253
0.189021
0.877398
0.295019
0.0262558
0.286973
0.987611
0.764345
0.712172
0.255553
0.325534
0.31834
0.325567
0.128809
0.0424991
0.140434
0.77888
0.615211
0.758799
0.646588
0.478578
0.840636
0.60647
0.359794
0.635152
0.763163
0.907665
0.580758
0.841464
0.983584
0.43921
0.873989
0.172604
0.316607
0.169008
0.19886
0.60358
0.156619
0.963205
0.315752
0.412172
0.288738
0.634092
0.737739
0.417547
0.676591
0.878173
0.196427
0.291802
0.636972
0.843015
0.77038
0.477608
0.449485
0.130174
0.11276
0.212649
0.0378386
0.693518
0.0541124
0.0214221
0.132728
0.928101
0.194026
0.449335
0.0971097
0.392886
0.0529151
0.253729
0.356091
0.368667
0.665901
0.644829
0.00275836
0.40364
0.0623753
0.679349
0.281813
0.258803
0.971151
0.918785
0.101818
0.741531
0.396392
0.551303
0.871705
0.509152
0.763952
0.909544
0.202671
0.818064
0.930966
0.335399
0.746166
0.124992
0.784734
0.843275
0.517878
0.837649
0.0970041
0.873968
0.206316
0.762905
0.518797
0.209074
0.166545
0.581172
0.888423
0.448358
0.839975
0.859574
0.367143
0.941793
0.601105
0.763535
0.493096
0.47281
0.272687
0.257047
0.382354
0.475358
0.0751114
0.31332
0.810757
0.821277
0.438312
0.595491
0.664552
0.95619
0.43314
0.761556
0.830158
0.639455
0.524461
0.348955
0.848529
0.691007
0.930127
0.736952
0.139365
0.770102
0.596527
0.506508
0.711895
0.197632
0.270043
0.20499
0.670442
0.54273
0.462038
0.0527963
0.0180883
0.537149
0.366116
0.828845
0.358426
0.804428
0.424336
0.0229782
0.760617
0.857476
0.784534
0.590776
0.496931
0.308996
0.939731
0.34546
2.60025e-06
0.869858
0.0824123
0.139368
0.63996
0.678939
0.645875
0.351855
0.876571
0.915918
0.556846
0.547013
0.458648
0.0188836
0.599809
0.476737
0.556033
0.965926
0.305582
0.914459
0.770353
0.729918
0.937437
0.530971
0.587393
0.721971
0.121746
0.084324
0.0309671
0.061477
0.429784
0.0309697
0.931335
0.512196
0.170337
0.571296
0.191135
0.816213
0.923151
0.0677058
0.732131
0.479997
0.614719
0.190779
0.49888
0.214528
0.667515
0.054913
0.180454
0.973097
0.969372
0.950807
0.703015
0.906809
0.481778
0.290408
0.62878
0.603524
0.374732
0.659747
0.665001
0.804516
0.690717
0.596336
0.316712
0.861054
0.167632
0.507847
0.677267
0.0907827
0.575553
0.409397
0.570779
0.190272
0.600176
0.0696597
0.4048
0.267691
0.124573
0.585254
0.240788
0.0939445
0.536061
0.943803
0.000753388
0.017839
0.23421
0.629534
0.621363
0.608942
0.289281
0.286364
0.413458
0.979998
0.8827
0.73017
0.841052
0.0503321
0.238017
0.518319
0.141115
0.81357
0.927716
0.711894
0.00384161
0.527892
0.781554
0.408642
0.795583
0.906127
0.993896
0.0363714
7.10674e-05
0.529957
0.980174
0.000824456
0.547796
0.214385
0.630358
0.169159
0.823327
0.919639
0.455523
0.236785
0.899637
0.338223
0.966955
0.740689
0.388555
0.204972
0.259008
0.52967
0.0185415
0.186724
0.241565
0.0223831
0.714616
0.0231184
0.431025
0.510199
0.929245
0.424921
0.546571
0.929316
0.954878
0.526745
0.93014
0.502673
0.741129
0.560499
0.671832
0.564456
0.480137
0.127355
0.801241
0.379774
0.465579
0.768196
0.120463
0.854134
0.973167
0.379471
0.383804
0.991709
0.566194
0.625369
0.014092
0.28081
0.648487
0.445117
0.791009
0.577732
0.870037
0.33758
0.507048
0.824915
0.864325
0.437189
0.327588
0.605454
0.997687
0.999421
0.16991
0.477825
0.126776
0.971151
0.857599
0.592355
0.739347
0.978062
0.446489
0.712514
0.357533
0.830294
0.704223
0.923727
0.455663
0.718315
0.204538
0.10415
0.163432
0.995547
0.681882
0.0334694
0.333127
0.188931
0.858384
0.197451
0.62612
0.185973
0.802905
0.623807
0.185394
0.972816
0.101632
0.31217
0.943967
0.959231
0.904525
0.683313
0.937293
0.351014
0.395828
0.294826
0.181308
0.100051
0.218553
0.63697
0.818366
0.423091
0.74112
0.981798
0.418638
0.423002
0.0152675
0.751765
0.611933
0.873652
0.949216
0.238053
0.0596249
0.752122
0.86186
0.245019
0.724937
0.963491
0.557189
0.668904
0.922722
0.461713
0.352217
0.860016
0.812728
0.748045
0.154842
0.994035
0.848096
0.373395
0.631006
0.666462
0.796486
0.372126
0.64826
0.215124
0.795128
0.663528
0.966889
0.407061
0.53718
0.916105
0.645114
0.596804
0.668227
0.506973
0.841823
0.393164
0.470465
0.399012
0.062068
0.393187
0.860725
0.414285
0.253203
0.673453
0.16233
0.408045
0.667488
0.0104264
0.78144
0.298493
0.676889
0.577926
0.670619
0.325149
0.79305
0.465747
0.988676
0.759939
0.872808
0.525856
0.676044
0.517922
0.122661
0.344271
0.0248958
0.964484
0.737435
0.495361
0.363495
0.799503
0.888548
0.22422
0.213788
0.141751
0.897673
0.376119
0.549796
0.565161
0.386545
0.331236
0.863654
0.0634335
0.909161
0.534273
0.388582
0.702211
2.03978e-05
0.377259
0.46215
0.872829
0.903115
0.138193
0.390751
0.0257752
0.482464
0.415647
0.990259
0.219899
0.911008
0.353754
0.0194017
0.799556
0.577974
0.23319
0.941307
0.475647
0.609308
0.491103
0.0408077
0.995853
0.822338
0.904462
0.0592869
0.7315
0.438735
0.447869
0.433711
0.438755
0.825128
0.89586
0.311584
0.728242
0.0340536
0.702335
0.754017
0.516518
0.117982
0.744276
0.736417
0.0289901
0.0980302
0.755818
0.828546
0.676004
0.989008
0.769853
0.151651
0.598316
0.260956
0.192459
0.59417
0.0832942
0.0969209
0.653457
0.814794
0.535656
0.101326
0.248505
0.974411
0.926454
0.144365
0.285995
0.654696
0.178418
0.988331
0.408713
0.694936
0.106313
0.15299
0.431353
0.135303
0.25102
0.187171
0.963849
0.927024
0.176179
0.733702
0.0786757
0.774495
0.994658
0.271135
0.368665
0.0779521
0.368056
0.0221221
0.892746
0.903711
0.123448
0.141251
0.878123
0.0499018
0.285615
0.164118
0.704598
0.464034
0.152448
0.113311
0.15897
0.258761
0.266301
0.590322
0.394065
0.517321
0.777493
0.357914
0.444345
0.953672
0.0916156
0.523021
0.728167
0.0862734
0.794155
0.0968327
0.164225
0.162211
0.118955
0.0569714
0.0659225
0.242403
0.198222
0.944045
0.292305
0.483837
0.108163
0.996902
0.947871
0.260611
0.110214
0.106841
0.519373
0.376514
0.697164
0.913437
0.893835
0.474657
0.271351
0.33818
0.428329
0.362967
0.861201
0.156496
0.44924
0.655356
0.253329
0.613465
0.817567
0.372284
0.670437
0.88349
0.614687
0.868659
0.827535
0.906991
0.352496
0.935698
0.903894
0.300367
0.196309
0.0141074
0.407209
0.715682
0.390622
0.104372
0.629119
0.284457
0.579029
0.90047
0.622637
0.00735801
0.263437
0.483838
0.163854
0.712677
0.139194
0.417184
0.326142
0.956762
0.789467
0.996579
0.840251
0.404154
0.865238
0.667786
0.311145
0.217734
0.603484
0.215039
0.518101
0.799793
0.229147
0.92531
0.515475
0.619768
0.029682
0.144595
0.904225
0.608711
0.0450647
0.526863
0.616069
0.308501
0.0107006
0.779923
0.0211781
0.149895
0.197107
0.34732
0.106656
0.986574
0.343899
0.946908
0.390728
0.209137
0.614694
0.701874
0.426871
0.218178
0.916913
0.944972
0.0179717
0.14606
0.870282
0.533447
0.765828
0.899964
0.678041
0.670053
0.508675
0.723106
0.196916
0.124744
0.0316077
0.207617
0.904667
0.0527857
0.357512
0.101774
0.400106
0.464168
0.0883488
0.744005
0.411076
0.479077
0.953142
0.02577
0.180951
0.380013
0.243948
0.0978639
0.324985
0.26192
0.243923
0.195267
0.795367
0.00975145
0.0952309
0.473408
0.679805
0.603906
0.196515
0.876721
0.72865
0.228122
0.0843379
0.633317
0.280908
0.44185
0.735092
0.681014
0.906018
0.823441
0.425019
0.317093
0.302518
0.378161
0.342863
0.483469
0.758173
0.586812
0.581333
0.0831579
0.848732
0.825256
0.278425
0.644099
0.835007
0.373656
0.117507
0.514812
0.977561
0.314021
0.391534
0.706211
0.542144
0.475872
0.339529
0.823052
0.917721
0.0746208
0.504066
0.823739
0.898062
0.929084
0.140832
0.200579
0.307245
0.483696
0.684048
0.065418
0.0705072
0.265381
0.148576
0.919239
0.0906367
0.427001
0.563337
0.925644
0.800656
0.680844
0.440457
0.778217
0.994866
0.83199
0.484429
0.537009
0.307862
0.823958
0.360061
0.225583
0.898579
0.864127
0.0493214
0.79664
0.793211
0.190154
0.997219
0.100456
0.673849
0.681268
0.165874
0.744356
0.946648
0.31445
0.663595
0.0372849
0.74145
0.226932
0.962929
0.542106
0.907777
0.403386
0.320324
0.902642
0.235376
0.804753
0.439652
0.543238
0.628711
0.799713
0.76882
0.527289
0.66384
0.818142
0.323929
0.457051
0.00829524
0.321149
0.557507
0.682144
0.00241629
0.72338
0.426501
0.949064
0.0378302
0.0900957
0.986349
0.779281
0.317028
0.949278
0.321387
0.224805
0.352664
0.641711
0.127447
0.58804
0.446464
0.567099
0.131277
0.0751741
0.366812
0.900098
0.602463
0.0306517
0.718239
0.926393
0.487702
0.726535
0.247541
0.0452088
0.408679
0.249958
0.768589
0.83518
0.199022
0.806419
0.925275
0.185371
0.5857
0.242303
0.13465
0.907087
0.467108
0.487314
0.548798
0.594555
0.0753541
0.995261
0.161655
0.206632
0.0704354
0.528467
0.106729
0.672899
0.559119
0.824969
0.599291
0.0468209
0.551503
0.846832
0.0920297
0.960182
0.09679
0.860619
0.795362
0.295812
0.667038
0.720637
0.481184
0.252738
0.96294
0.615834
0.159825
0.430049
0.103148
0.708623
0.0246041
0.178502
0.703884
0.186259
0.385133
0.774319
0.714726
0.491863
0.447218
0.273844
0.316832
0.0465092
0.320665
0.868335
0.893342
0.412695
0.828518
0.990132
0.273314
0.62388
0.285944
0.940352
0.344517
0.767127
0.19309
0.307457
0.382961
0.352916
0.737506
0.486109
0.0615385
0.76211
0.664611
0.765423
0.948369
0.0497441
0.539742
0.663094
0.541607
0.98696
0.936938
0.858439
0.0334693
0.257603
0.726774
0.926811
0.670298
0.555291
0.916943
0.943612
0.179171
0.202887
0.883964
0.523688
0.970014
0.0770545
0.831145
0.352975
0.42997
0.56865
0.839084
0.491509
0.33076
0.503694
0.256931
0.279129
0.553438
0.796673
0.942223
0.0950454
0.783633
0.879161
0.953484
0.817102
0.136765
0.680258
0.743913
0.807063
0.235549
0.660856
0.750675
0.41472
0.863743
0.634639
0.938408
0.833757
0.711694
0.769552
0.186732
0.141664
0.338202
0.0258155
0.633173
0.668963
0.52951
0.890104
0.948091
0.0829484
0.686777
0.890314
0.177994
0.47041
0.769476
0.131478
0.287513
0.906241
0.811736
0.0314262
0.713304
0.0472848
0.692282
0.463979
0.462005
0.556025
0.0986183
0.400412
0.389782
0.810312
0.169964
0.576514
0.951976
0.508167
0.602329
0.585148
0.17713
0.131839
0.475252
0.125221
0.214787
0.162029
0.0155355
0.392781
0.632439
0.785011
0.524259
0.919952
0.691252
0.335995
0.951378
0.404556
0.383279
0.64366
0.868535
0.845284
0.199685
0.967154
0.245697
0.589467
0.777466
0.415661
0.165981
0.729441
0.923828
0.76831
0.31459
0.100957
0.900149
0.789842
0.226178
0.114936
0.951871
0.241714
0.507718
0.58431
0.0267253
0.0319766
0.504262
0.717978
0.367971
0.45564
0.122534
0.751251
0.0993004
0.991069
0.596535
0.298986
0.958223
0.842232
0.888453
0.735688
0.257893
0.054434
0.465129
0.18172
0.822744
0.779719
0.282678
0.722893
0.569561
0.508856
0.837829
0.521432
0.75057
0.345547
0.105742
0.777296
0.377523
0.610004
0.495273
0.745495
0.0656442
0.617807
0.496745
0.164945
0.608876
0.0932803
0.463931
0.567098
0.935512
0.352384
0.302786
0.193404
0.406818
0.767916
0.375125
0.229562
0.547635
0.657803
0.952455
0.117196
0.166659
0.790284
0.638628
0.917229
0.135831
0.744371
0.694525
0.513354
0.354375
0.189798
0.258849
0.420019
0.807604
0.755594
0.584964
0.41648
0.848874
0.0488942
0.983579
0.784386
0.401278
0.286365
0.97779
0.808096
0.0542808
0.352915
0.0376573
0.601916
0.0107178
0.990112
0.719112
0.177377
0.780396
0.357741
0.0946059
0.916227
0.102111
0.789131
0.429581
0.456486
0.978928
0.688429
0.876505
0.786533
0.444023
0.461469
0.203013
0.292897
0.510363
0.186591
0.0772832
0.911641
0.472956
0.0550736
0.719736
0.527237
0.407989
0.757394
0.129153
0.418707
0.747506
0.848265
0.596083
0.527901
0.206006
0.690689
0.444128
0.308117
0.47982
0.873708
0.764603
0.458748
0.562137
0.641108
0.245281
0.00616048
0.102577
0.448293
0.299058
0.612939
0.634885
0.376341
0.52458
0.107841
0.431415
0.244316
0.635078
0.839403
0.00170988
0.764231
0.25811
0.749215
0.612497
0.854193
0.277117
0.818503
0.544882
0.721245
0.12662
0.0247019
0.594953
0.891224
0.48345
0.157091
0.532332
0.72873
0.163251
0.634909
0.177024
0.462309
0.247848
0.811909
0.83865
0.772428
0.91975
0.270064
0.0167445
0.554828
0.109468
0.0184544
0.31906
0.367577
0.76767
0.931556
0.221771
0.0447866
0.750059
0.766653
0.766031
0.87668
0.791355
0.360984
0.767903
0.274805
0.518075
0.300235
0.00353491
0.681326
0.935144
0.180559
0.143635
0.182992
0.992467
0.982284
0.95542
0.912217
0.252349
0.972165
0.467045
0.361816
0.990619
0.786105
0.729394
0.758289
0.717661
0.951164
0.803075
0.467721
0.717817
0.569107
0.344401
0.509172
0.930091
0.112304
0.783976
0.448166
0.412539
0.787511
0.129492
0.347683
0.96807
0.273127
0.530675
0.960537
0.255411
0.486095
0.872755
0.50776
0.458259
0.3398
0.869576
0.448878
0.125905
0.598969
0.207167
0.843566
0.550133
0.0102425
0.311287
0.26795
0.579349
0.655688
0.777122
0.50944
0.767992
0.561098
0.957606
0.180531
0.34861
0.087098
0.528214
0.31668
0.360225
0.0588886
0.277217
0.615636
0.544984
0.149971
0.123395
0.003243
0.489771
0.992971
0.452121
0.615676
0.59194
0.659289
0.459242
0.142073
0.669531
0.770529
0.410024
0.24888
